# Vertex Dict
   1 "AGO"                                    0.5496    0.5622    0.5000
   2 "ALB"                                    0.5560    0.2714    0.5000
   3 "ARE"                                    0.6496    0.3699    0.5000
   4 "ARG"                                    0.3233    0.7134    0.5000
   5 "ARM"                                    0.6251    0.2774    0.5000
   6 "ATG"                                    0.3283    0.4052    0.5000
   7 "AUS"                                    0.8716    0.6404    0.5000
   8 "AUT"                                    0.5404    0.2360    0.5000
   9 "AZE"                                    0.6322    0.2770    0.5000
  10 "BDI"                                    0.5831    0.5187    0.5000
  11 "BEL"                                    0.5124    0.2194    0.5000
  12 "BEN"                                    0.5064    0.4483    0.5000
  13 "BFA"                                    0.4957    0.4320    0.5000
  14 "BGD"                                    0.7510    0.3684    0.5000
  15 "BGR"                                    0.5708    0.2626    0.5000
  16 "BHR"                                    0.6407    0.3559    0.5000
  17 "BHS"                                    0.2850    0.3609    0.5000
  18 "BIH"                                    0.5491    0.2560    0.5000
  19 "BLR"                                    0.5776    0.2016    0.5000
  20 "BMU"                                    0.3201    0.3204    0.5000
  21 "BOL"                                    0.3234    0.5905    0.5000
  22 "BRA"                                    0.3558    0.5791    0.5000
  23 "BRB"                                    0.3346    0.4267    0.5000
  24 "BRN"                                    0.8187    0.4748    0.5000
  25 "BTN"                                    0.7512    0.3471    0.5000
  26 "BWA"                                    0.5686    0.6240    0.5000
  27 "CAF"                                    0.5582    0.4633    0.5000
  28 "CAN"                                    0.2046    0.1882    0.5000
  29 "CHE"                                    0.5229    0.2399    0.5000
  30 "CHL"                                    0.3013    0.6982    0.5000
  31 "CHN"                                    0.7894    0.3008    0.5000
  32 "CIV"                                    0.4846    0.4581    0.5000
  33 "CMR"                                    0.5343    0.4591    0.5000
  34 "COG"                                    0.5440    0.5013    0.5000
  35 "COL"                                    0.2936    0.4746    0.5000
  36 "COM"                                    0.6219    0.5660    0.5000
  37 "CRI"                                    0.2674    0.4458    0.5000
  38 "CYP"                                    0.5929    0.3049    0.5000
  39 "CZE"                                    0.5430    0.2232    0.5000
  40 "DEU"                                    0.5290    0.2157    0.5000
  41 "DMA"                                    0.3295    0.4144    0.5000
  42 "DNK"                                    0.5264    0.1874    0.5000
  43 "DOM"                                    0.3051    0.3959    0.5000
  44 "DZA"                                    0.5046    0.3443    0.5000
  45 "ECU"                                    0.2828    0.5102    0.5000
  46 "EGY"                                    0.5856    0.3510    0.5000
  47 "ERI"                                    0.6105    0.4157    0.5000
  48 "ESP"                                    0.4896    0.2752    0.5000
  49 "EST"                                    0.5695    0.1745    0.5000
  50 "ETH"                                    0.6125    0.4492    0.5000
  51 "FIN"                                    0.5715    0.1560    0.5000
  52 "FJI"                                    0.9297    0.6453    0.5000
  53 "FRA"                                    0.5061    0.2432    0.5000
  54 "GAB"                                    0.5322    0.5045    0.5000
  55 "GBR"                                    0.4905    0.1923    0.5000
  56 "GEO"                                    0.6204    0.2649    0.5000
  57 "GHA"                                    0.4972    0.4559    0.5000
  58 "GIN"                                    0.4731    0.4447    0.5000
  59 "GMB"                                    0.4575    0.4253    0.5000
  60 "GNB"                                    0.4578    0.4344    0.5000
  61 "GNQ"                                    0.5285    0.4908    0.5000
  62 "GRC"                                    0.5606    0.2829    0.5000
  63 "GRD"                                    0.3289    0.4319    0.5000
  64 "GTM"                                    0.2494    0.4123    0.5000
  65 "GUY"                                    0.3363    0.4730    0.5000
  66 "HKG"                                    0.8170    0.3756    0.5000
  67 "HND"                                    0.2604    0.4156    0.5000
  68 "HRV"                                    0.5422    0.2494    0.5000
  69 "HTI"                                    0.2992    0.3946    0.5000
  70 "HUN"                                    0.5542    0.2380    0.5000
  71 "IDN"                                    0.8164    0.5044    0.5000
  72 "IND"                                    0.7193    0.3856    0.5000
  73 "IRL"                                    0.4771    0.2033    0.5000
  74 "IRN"                                    0.6491    0.3198    0.5000
  75 "ISL"                                    0.4472    0.1391    0.5000
  76 "ISR"                                    0.5968    0.3275    0.5000
  77 "ITA"                                    0.5349    0.2674    0.5000
  78 "JAM"                                    0.2853    0.3994    0.5000
  79 "JOR"                                    0.6007    0.3301    0.5000
  80 "JPN"                                    0.8840    0.2989    0.5000
  81 "KAZ"                                    0.6859    0.2332    0.5000
  82 "KEN"                                    0.6053    0.5001    0.5000
  83 "KGZ"                                    0.7077    0.2711    0.5000
  84 "KHM"                                    0.7916    0.4302    0.5000
  85 "KIR"                                    0.1712    0.4725    0.5000
  86 "KOR"                                    0.8549    0.3005    0.5000
  87 "KWT"                                    0.6319    0.3372    0.5000
  88 "LAO"                                    0.7847    0.3897    0.5000
  89 "LBN"                                    0.5996    0.3119    0.5000
  90 "LBR"                                    0.4738    0.4643    0.5000
  91 "LKA"                                    0.7244    0.4563    0.5000
  92 "LSO"                                    0.5784    0.6645    0.5000
  93 "LTU"                                    0.5663    0.1935    0.5000
  94 "LUX"                                    0.5170    0.2232    0.5000
  95 "LVA"                                    0.5683    0.1840    0.5000
  96 "MAC"                                    0.8154    0.3767    0.5000
  97 "MAR"                                    0.4803    0.3234    0.5000
  98 "MDA"                                    0.5788    0.2366    0.5000
  99 "MDG"                                    0.6302    0.6043    0.5000
 100 "MDV"                                    0.7034    0.4822    0.5000
 101 "MEX"                                    0.2151    0.3687    0.5000
 102 "MKD"                                    0.5604    0.2688    0.5000
 103 "MLI"                                    0.4889    0.4024    0.5000
 104 "MLT"                                    0.5399    0.3003    0.5000
 105 "MNG"                                    0.7885    0.2397    0.5000
 106 "MOZ"                                    0.5987    0.6037    0.5000
 107 "MRT"                                    0.4696    0.3833    0.5000
 108 "MUS"                                    0.6599    0.6130    0.5000
 109 "MWI"                                    0.5953    0.5736    0.5000
 110 "MYS"                                    0.7833    0.4766    0.5000
 111 "NER"                                    0.5224    0.4022    0.5000
 112 "NGA"                                    0.5241    0.4495    0.5000
 113 "NIC"                                    0.2633    0.4285    0.5000
 114 "NLD"                                    0.5147    0.2104    0.5000
 115 "NOR"                                    0.5235    0.1640    0.5000
 116 "NPL"                                    0.7337    0.3423    0.5000
 117 "NZL"                                    0.9056    0.7286    0.5000
 118 "OMN"                                    0.6553    0.3805    0.5000
 119 "PAK"                                    0.6926    0.3312    0.5000
 120 "PAN"                                    0.2756    0.4526    0.5000
 121 "PER"                                    0.2916    0.5511    0.5000
 122 "PHL"                                    0.8383    0.4284    0.5000
 123 "PLW"                                    0.8738    0.4583    0.5000
 124 "PNG"                                    0.8999    0.5351    0.5000
 125 "POL"                                    0.5532    0.2116    0.5000
 126 "PRT"                                    0.4772    0.2811    0.5000
 127 "PRY"                                    0.3377    0.6302    0.5000
 128 "QAT"                                    0.6422    0.3591    0.5000
 129 "RUS"                                    0.7926    0.1582    0.5000
 130 "SAU"                                    0.6252    0.3673    0.5000
 131 "SEN"                                    0.4599    0.4195    0.5000
 132 "SGP"                                    0.7884    0.4925    0.5000
 133 "SLE"                                    0.4673    0.4530    0.5000
 134 "SLV"                                    0.2531    0.4234    0.5000
 135 "SUR"                                    0.3444    0.4782    0.5000
 136 "SVK"                                    0.5547    0.2296    0.5000
 137 "SVN"                                    0.5417    0.2436    0.5000
 138 "SWE"                                    0.5518    0.1660    0.5000
 139 "SWZ"                                    0.5874    0.6473    0.5000
 140 "SYC"                                    0.6541    0.5260    0.5000
 141 "TCD"                                    0.5520    0.4141    0.5000
 142 "TGO"                                    0.5023    0.4521    0.5000
 143 "THA"                                    0.7805    0.4118    0.5000
 144 "TJK"                                    0.6980    0.2841    0.5000
 145 "TKM"                                    0.6654    0.2835    0.5000
 146 "TON"                                    0.1927    0.5775    0.5000
 147 "TTO"                                    0.3299    0.4406    0.5000
 148 "TUN"                                    0.5265    0.3117    0.5000
 149 "TUR"                                    0.5979    0.2835    0.5000
 150 "TZA"                                    0.5969    0.5354    0.5000
 151 "UGA"                                    0.5897    0.4924    0.5000
 152 "UKR"                                    0.5866    0.2312    0.5000
 153 "URY"                                    0.3451    0.6807    0.5000
 154 "USA"                                    0.2341    0.2939    0.5000
 155 "UZB"                                    0.6794    0.2701    0.5000
 156 "VEN"                                    0.3150    0.4643    0.5000
 157 "VNM"                                    0.8008    0.4219    0.5000
 158 "YEM"                                    0.6348    0.4136    0.5000
 159 "ZAF"                                    0.5637    0.6698    0.5000
 160 "ZMB"                                    0.5774    0.5730    0.5000
 161 "ZWE"                                    0.5810    0.6056    0.5000
